1317626734.934675
1317626735.245707
1317626735.556761
1317626735.867795
1317626736.1788771
1317626736.489933
1317626736.800941
1317626737.1119421
1317626737.4229529
1317626737.734055
1317626738.045017
1317626738.3559511
1317626738.6668141
1317626738.9777441
1317626739.185111
1317626739.4962411
1317626739.7035041
1317626740.014488
1317626740.3254459
1317626740.6365039
1317626740.947506
1317626741.2585421
1317626741.5696199
1317626741.8806331
1317626742.1915641
1317626742.5024059
1317626742.8134201
1317626743.124414
1317626743.4354019
1317626743.85008
1317626744.2648959
1317626744.6799581
1317626745.1993351
1317626745.615262
1317626745.9272821
1317626746.2389801
1317626746.5502031
1317626746.8610899
1317626747.275213
1317626747.7926719
1317626748.3104179
1317626748.7247829
1317626749.1393631
1317626749.554034
1317626749.864902
1317626750.175884
1317626750.4869411
1317626750.79809
1317626751.1091471
1317626751.4201059
1317626751.731137
1317626752.0423141
1317626752.353585
1317626752.6646099
1317626752.975575
1317626753.286629
1317626753.597615
1317626753.9084809
1317626754.322963
1317626754.7372451
1317626755.151402
1317626755.565335
1317626755.8757429
1317626756.186132
1317626756.4968541
1317626756.8078051
1317626757.119158
1317626757.6392961
1317626758.055649
1317626758.471575
1317626758.886852
1317626759.301554
1317626759.6124401
1317626759.923398
1317626760.2343299
1317626760.545316
1317626760.8563709
1317626761.167402
1317626761.478512
1317626761.789465
1317626762.1004241
1317626762.411454
1317626762.7223649
1317626763.033309
1317626763.344264
1317626763.65522
1317626763.9662759
1317626764.2771881
1317626764.588094
1317626764.899236
1317626765.2103281
1317626765.5213599
1317626765.8323691
1317626766.143327
1317626766.4543359
1317626766.765317
1317626767.076324
1317626767.3872609
1317626767.6984389
1317626768.009532
1317626768.3206871
1317626768.6318641
1317626768.9430649
1317626769.2542231
1317626769.5652981
1317626769.876231
1317626770.187217
1317626770.4982269
1317626770.8093491
1317626771.1204331
1317626771.4315331
1317626771.7426829
1317626772.053813
1317626772.468513
1317626772.883116
1317626773.2975769
1317626773.712157
1317626774.022999
1317626774.3339801
1317626774.6450839
1317626774.9561629
1317626775.2672901
1317626775.5783651
1317626775.8894229
1317626776.200521
1317626776.615181
1317626777.029464
1317626777.443567
1317626777.8574269
1317626778.167846
1317626778.478339
1317626778.7891321
1317626779.1001921
1317626779.4111509
1317626779.722373
1317626780.241581
1317626780.6572771
1317626781.0731659
1317626781.4887791
1317626781.8001909
1317626782.1114171
1317626782.422497
1317626782.7334781
1317626783.0443931
1317626783.3552251
1317626783.666157
1317626783.977087
1317626784.2881849
1317626784.599287
1317626784.9103401
1317626785.22137
1317626785.53233
1317626785.8433361
1317626786.1543219
1317626786.465353
1317626786.776408
1317626787.0874889
1317626787.39856
1317626787.813271
1317626788.2278709
1317626788.6425221
1317626789.1608019
1317626789.782716
1317626792.995883
1317626794.240077
1317626794.7589271
1317626795.1742041
1317626795.4856441
1317626795.7969639
1317626796.1079459
1317626796.5222881
1317626796.936125
1317626797.349576
1317626797.659935
1317626797.9705131
1317626798.2813051
1317626798.5922871
1317626798.903343
1317626799.214308
1317626799.5252941
1317626799.836318
1317626800.0436571
1317626800.250972
1317626800.4582109
1317626800.6654291
1317626800.8726981
1317626801.079962
1317626801.2872281
1317626801.4945419
1317626801.701879
1317626801.9092669
1317626802.116605
1317626802.323925
1317626802.531234
1317626802.738524
1317626802.9458611
1317626803.153199
1317626803.3605449
1317626803.567878
1317626803.7751911
1317626803.982553
1317626804.1898861
1317626804.397229
1317626804.604568
1317626804.8119061
1317626805.0192461
1317626805.2266281
1317626805.4339449
1317626805.641259
1317626805.848526
1317626806.055814
1317626806.263057
1317626806.4703441
1317626806.6775911
1317626806.88483
1317626807.1957669
1317626807.5066299
1317626807.817636
1317626808.1287391
1317626808.439748
1317626808.7507551
1317626809.061764
1317626809.4763179
1317626809.8907111
1317626810.4082601
1317626810.925386
1317626811.3392179
1317626811.649673
1317626811.960299
1317626812.271018
1317626812.5819521
1317626812.893374
1317626813.3095551
1317626813.726167
1317626814.03824
1317626814.349808
1317626814.6610229
1317626814.9720509
1317626815.2830589
1317626815.5940199
1317626815.9049571
1317626816.215905
1317626816.526824
1317626816.8376851
1317626817.1485751
1317626817.459583
1317626817.770638
1317626818.081738
1317626818.3927751
1317626818.703783
1317626819.0147419
1317626819.3257079
1317626819.6366639
1317626819.9475701
1317626820.258584
1317626820.5695369
1317626820.8805029
1317626821.295068
1317626821.709779
1317626822.1244531
1317626822.5392301
1317626822.953953
1317626823.36866
1317626823.6797791
1317626823.990881
1317626824.301842
1317626824.612869
1317626824.9239571
1317626825.2350559
1317626825.546083
1317626825.8570001
1317626826.1678381
1317626826.375078
1317626826.58237
1317626826.893307
1317626827.1005521
1317626827.411463
1317626827.7223721
1317626828.0331371
1317626828.3440239
1317626828.655031
1317626828.9660561
1317626829.2770691
1317626829.5882001
1317626829.8991599
1317626830.210139
1317626830.5210791
1317626830.8320119
1317626831.1429491
1317626831.5575271
1317626831.9720371
1317626832.3861849
1317626832.7997811
1317626833.213306
1317626833.523689
1317626833.8342731
1317626834.145154
1317626834.45628
1317626834.8720641
1317626835.2883921
1317626835.6001201
1317626835.9116781
1317626836.223001
1317626836.534024
1317626836.8451631
1317626837.1563671
1317626837.467483
1317626837.778512
1317626838.089499
1317626838.4004359
1317626838.7113459
1317626839.0222011
1317626839.3331909
1317626839.6441281
1317626839.9550619
1317626840.266022
1317626840.576982
1317626840.8879881
1317626841.1989939
1317626841.510051
1317626841.8210571
1317626842.1319921
1317626842.442975
1317626842.7540541
1317626843.0651851
1317626843.376267
1317626843.6873939
1317626843.9983771
1317626844.309243
1317626844.620028
1317626844.9309649
1317626845.241951
1317626845.4493289
1317626845.7603619
1317626845.967684
1317626846.175019
1317626846.4860749
1317626846.7971029
1317626847.1080389
1317626847.4190459
1317626847.7299809
1317626848.0409639
1317626848.351999
1317626848.6630299
1317626848.9739599
1317626849.284914
1317626849.595736
1317626850.0101919
1317626850.4245009
1317626850.9418321
1317626851.3554249
1317626851.769383
1317626852.08003
1317626852.390676
1317626852.701535
1317626853.012573
1317626853.4276321
1317626853.843488
1317626854.155427
1317626854.4670351
1317626854.7782569
1317626855.0892651
1317626855.4001989
1317626855.7111821
1317626856.022119
1317626856.3330059
1317626856.6439891
1317626856.9550171
1317626857.266077
1317626857.5772519
1317626857.8883309
1317626858.1992669
1317626858.5102291
1317626858.8211901
1317626859.132287
1317626859.547035
1317626859.961719
1317626860.376246
1317626860.790751
1317626861.205049
1317626861.6191821
1317626862.0332999
1317626862.4473209
1317626862.7580161
1317626863.06898
1317626863.483752
1317626863.8986449
1317626864.314254
1317626864.730267
1317626865.2503021
1317626865.666754
1317626865.979105
1317626866.3951249
1317626866.706562
1317626867.224359
1317626867.8453879
1317626868.362823
1317626868.776803
1317626869.191354
1317626869.502363
1317626869.8132789
1317626870.124229
1317626870.4351139
1317626870.7460849
1317626871.057091
1317626871.368053
1317626871.679018
1317626871.989996
1317626872.3011229
1317626872.6122019
1317626872.923243
1317626873.2341571
1317626873.5450311
1317626873.855845
1317626874.1667299
1317626874.581454
1317626874.892467
1317626875.2034049
1317626875.514334
1317626875.8252931
1317626876.2398491
1317626876.654506
1317626877.172823
1317626877.69134
1317626878.4171431
1317626879.557358
1317626880.387331
1317626880.8026111
1317626881.2176991
1317626881.5288711
1317626881.8398049
1317626882.2538581
1317626882.6674809
1317626882.9778221
1317626883.2881739
1317626883.59868
1317626883.9092791
1317626884.2201171
1317626884.4272871
1317626884.634505
1317626884.84182
1317626885.0491099
1317626885.2564249
1317626885.4636919
1317626885.670959
1317626885.8782229
1317626886.0854919
1317626886.292747
1317626886.4999981
1317626886.7073491
1317626886.914675
1317626887.121943
1317626887.329205
1317626887.5365441
1317626887.7438581
1317626887.9511499
1317626888.1584401
1317626888.365731
1317626888.5729711
1317626888.7802629
1317626888.9874811
1317626889.194674
1317626889.401845
1317626889.6096511
1317626889.816164
1317626890.023381
1317626890.230551
1317626890.4377241
1317626890.6449649
1317626890.852205
1317626891.059484
1317626891.266808
1317626891.4740801
1317626891.6813641
1317626891.8886051
1317626892.0959001
1317626892.3031881
1317626892.5104671
1317626892.7177219
1317626892.9250951
1317626893.1324711
1317626893.3398311
1317626893.6509099
1317626893.961823
1317626894.272804
1317626894.5835011
1317626894.8939321
1317626895.307698
1317626895.721653
1317626896.032274
1317626896.3429899
1317626896.6537399
1317626896.9645829
1317626897.3794451
1317626897.794817
1317626898.210551
1317626898.6261611
1317626899.041297
1317626899.3523791
1317626899.663307
1317626899.974196
1317626900.2850859
1317626900.5960431
1317626900.907243
1317626901.2183969
1317626901.5294721
1317626901.8405299
1317626902.1514881
1317626902.462307
1317626902.7731211
1317626903.0839109
1317626903.3947971
1317626903.705828
1317626904.0170269
1317626904.328203
1317626904.639251
1317626904.950268
1317626905.2610841
1317626905.5717781
1317626905.8826201
1317626906.1931939
1317626906.5041981
1317626906.8152299
1317626907.1260951
1317626907.4367659
1317626907.6438899
1317626907.95468
1317626908.265681
1317626908.5767441
1317626908.8878231
1317626909.1988299
1317626909.5097401
1317626909.8205571
1317626910.1312749
1317626910.4419961
1317626910.752785
1317626911.0637729
1317626911.3748009
1317626911.6858339
1317626911.996887
1317626912.3078451
1317626912.6187351
1317626912.929574
1317626913.24034
1317626913.551275
1317626913.8624051
1317626914.1734121
1317626914.484489
1317626914.79547
1317626915.1063371
1317626915.4171529
1317626915.7279451
1317626916.038691
1317626916.349508
1317626916.6605189
1317626916.971565
1317626917.2825949
1317626917.5935769
1317626917.904563
1317626918.2154269
1317626918.526408
1317626918.8374159
1317626919.148546
1317626919.4595749
1317626919.8738461
1317626920.287281
1317626920.700943
1317626921.115308
1317626921.530242
1317626921.945776
1317626922.3613341
1317626922.672672
1317626922.98384
1317626923.2948289
1317626923.6057401
1317626923.9166031
1317626924.2276361
1317626924.5385959
1317626924.8496261
1317626925.1606269
1317626925.4717619
1317626925.782789
1317626926.0938399
1317626926.4048059
1317626926.715765
1317626927.0267241
1317626927.337707
1317626927.648669
1317626927.959626
1317626928.270613
1317626928.581645
1317626928.8925979
1317626929.2034919
1317626929.5144689
1317626929.8255019
1317626930.136533
1317626930.447427
1317626930.7583129
1317626931.06933
1317626931.380276
1317626931.6913829
1317626932.0023401
1317626932.3133979
1317626932.624404
1317626932.9354329
1317626933.246558
1317626933.661341
1317626934.0759621
1317626934.490521
1317626935.008553
1317626935.733346
1317626936.3544061
1317626936.76845
1317626937.078892
1317626937.3893211
1317626937.699893
1317626938.0106831
1317626938.3218379
1317626938.737258
1317626939.1526501
1317626939.567688
1317626939.8790071
1317626940.1903291
1317626940.5015969
1317626940.812798
1317626941.1238749
1317626941.434907
1317626941.7458229
1317626942.056706
1317626942.367738
1317626942.5750251
1317626942.7822621
1317626942.9895849
1317626943.1969221
1317626943.4042611
1317626943.611598
1317626943.8189421
1317626944.0262549
1317626944.2335041
1317626944.4407101
1317626944.647927
1317626944.8551581
1317626945.0623691
1317626945.269608
1317626945.476887
1317626945.684191
1317626945.891552
1317626946.098937
1317626946.3063021
1317626946.5136161
1317626946.720953
1317626946.9282889
1317626947.2392969
1317626947.4466341
1317626947.6539259
1317626947.9649329
1317626948.172272
1317626948.379611
1317626948.6905749
1317626949.0015831
1317626949.312464
1317626949.6232841
1317626949.9342649
1317626950.245295
1317626950.5563011
1317626950.867285
1317626951.178364
1317626951.489397
1317626951.8003719
1317626952.2149611
1317626952.629353
1317626953.043643
1317626953.4575751
1317626953.8710639
1317626954.2844889
1317626954.5945799
1317626954.904916
1317626955.215486
1317626955.5264959
1317626955.9417219
1317626956.2538869
1317626956.5660639
1317626956.8780079
1317626957.189543
1317626957.5007651
1317626957.8116541
1317626958.122566
1317626958.433548
1317626958.744627
1317626959.0558479
1317626959.366905
1317626959.6778591
1317626959.9885571
1317626960.2992079
1317626960.609951
1317626960.9208879
1317626961.128227
1317626961.439256
1317626961.7502439
1317626962.0612481
1317626962.3723619
1317626962.683408
1317626962.994463
1317626963.305445
1317626963.616307
1317626963.9272699
1317626964.2383001
1317626964.549309
1317626964.8603151
1317626965.1712959
1317626965.482331
1317626965.8969591
1317626966.311661
1317626966.830147
1317626967.5560451
1317626968.4889231
1317626969.2142911
1317626969.7320321
1317626970.1463301
1317626970.5608411
1317626970.871789
1317626971.1829751
1317626971.4941969
1317626971.80528
1317626972.116334
1317626972.427341
1317626972.738342
1317626973.0492871
1317626973.3601961
1317626973.671104
1317626973.9820631
1317626974.2930501
1317626974.6040361
1317626974.9149411
1317626975.2258589
1317626975.6404369
1317626976.0545411
1317626976.4684069
1317626976.882741
1317626977.2975581
1317626977.712882
1317626978.128088
1317626978.4392619
1317626978.750339
1317626979.061425
1317626979.372478
1317626979.683507
1317626979.994468
1317626980.305424
1317626980.5126929
1317626980.8235569
1317626981.0308211
1317626981.238137
1317626981.445524
1317626981.6529059
1317626981.8602691
1317626982.1712539
1317626982.482142
1317626982.7931471
1317626983.1041131
1317626983.4149981
1317626983.7259569
1317626984.0368431
1317626984.3478241
1317626984.658859
1317626985.0735381
1317626985.384686
1317626985.9036789
1317626986.422718
1317626986.838094
1317626987.149627
1317626987.4608021
1317626987.7716899
1317626988.186173
1317626988.6005931
1317626988.9108751
1317626989.2211261
1317626989.5310669
1317626989.8413031
1317626990.151896
1317626990.4626541
1317626990.7734909
1317626991.188139
1317626991.6027689
1317626992.017381
1317626992.2247241
1317626992.4318049
1317626992.7426479
1317626992.9499531
1317626993.2608709
1317626993.4681129
1317626993.6754041
1317626993.9863629
1317626994.193655
1317626994.400897
1317626994.6081381
1317626994.8154559
1317626995.0227201
1317626995.230015
1317626995.4372931
1317626995.6446469
1317626995.955693
1317626996.1629231
1317626996.370203
1317626996.6811481
1317626996.8884289
1317626997.199297
1317626997.406559
1317626997.7175169
1317626998.028501
1317626998.4433241
1317626998.754401
1317626999.0653369
1317626999.272594
1317626999.5834661
1317626999.7907331
1317626999.9979711
1317627000.205281
1317627000.412581
1317627000.6199629
1317627000.9309721
1317627001.1383109
1317627001.3456481
1317627001.6565821
1317627001.9675679
1317627002.27862
1317627002.589607
1317627002.9005449
1317627003.211329
1317627003.522294
1317627003.8332291
1317627004.144115
1317627004.5585041
1317627004.8694601
1317627005.1805661
1317627005.4917409
1317627005.8030369
1317627006.1141889
1317627006.4252429
1317627006.7360809
1317627007.0468769
1317627007.2540209
1317627007.4612141
1317627007.6684811
1317627007.8757949
1317627008.0831809
1317627008.290519
1317627008.4979041
1317627008.7051721
1317627008.912488
1317627009.1198511
1317627009.3272591
1317627009.534549
1317627009.741883
1317627009.949229
1317627010.156517
1317627010.3638561
1317627010.571202
1317627010.882057
1317627011.192852
1317627011.5036139
1317627011.8145039
1317627012.12538
1317627012.4363739
1317627012.851362
1317627013.2671001
1317627013.6836109
1317627013.996043
1317627014.3081291
1317627014.6196401
1317627014.9306431
1317627015.241462
1317627015.5522311
1317627015.9659209
1317627016.379015
1317627016.7921081
1317627017.206064
1317627017.5168591
1317627017.8278389
1317627018.138772
1317627018.4497571
1317627018.7607639
1317627019.07182
1317627019.382803
1317627019.6937129
1317627020.004746
1317627020.315799
1317627020.626735
1317627020.9376471
1317627021.248584
1317627021.5594471
1317627021.870383
1317627022.18134
1317627022.492255
1317627022.803236
1317627023.114219
1317627023.4250579
1317627023.7358479
1317627024.046737
1317627024.357744
1317627024.6688759
1317627024.979882
1317627025.2913239
1317627025.6016541
1317627025.9126079
1317627026.2235949
1317627026.534652
1317627026.8456609
1317627027.1566689
1317627027.467577
1317627027.7784879
1317627028.0894949
1317627028.400557
1317627028.7115829
1317627029.022588
1317627029.3335249
1317627029.7483439
1317627030.163358
1317627030.68223
1317627031.3047271
1317627031.82353
1317627032.238447
1317627032.6533151
1317627032.9645131
1317627033.275568
1317627033.68961
1317627033.9996209
1317627034.309653
1317627034.6198461
1317627034.9301231
1317627035.240701
1317627035.551451
1317627035.7586131
1317627035.965759
1317627036.1729281
1317627036.3802209
1317627036.5874569
1317627036.7947509
1317627037.0020411
1317627037.209403
1317627037.5203869
1317627037.8313689
1317627038.142355
1317627038.453315
1317627038.764225
1317627039.0751121
1317627039.2823789
1317627039.4896669
1317627039.6970301
1317627039.9043701
1317627040.1116841
1317627040.3190451
1317627040.52636
1317627040.7336099
1317627040.940871
1317627041.1481569
1317627041.355402
1317627041.56269
1317627041.7700069
1317627042.0809131
1317627042.3919239
1317627042.7029769
1317627043.0141499
1317627043.3255899
1317627043.741399
1317627044.0535791
1317627044.365741
1317627044.677443
1317627044.9887421
1317627045.2995069
1317627045.7132959
1317627046.1272049
1317627046.437993
1317627046.74874
1317627047.0595541
1317627047.370322
1317627047.6810651
1317627047.9918571
1317627048.302526
1317627048.5096021
1317627048.716677
1317627048.9238
1317627049.1310401
1317627049.338284
1317627049.5455251
1317627049.752816
1317627049.960058
1317627050.167326
1317627050.3746369
1317627050.5819919
1317627050.789304
1317627050.996582
1317627051.203819
1317627051.411041
1317627051.6183569
1317627051.8256741
1317627052.0329821
1317627052.24034
1317627052.4476709
1317627052.6549971
1317627052.862288
1317627053.069531
1317627053.2767229
1317627053.484019
1317627053.6913259
1317627054.0022891
1317627054.3132939
1317627054.624284
1317627054.93505
1317627055.2456939
1317627055.5562711
1317627055.970032
1317627056.3831999
1317627056.6930759
1317627057.1068611
1317627057.4176559
1317627057.7289529
1317627058.144629
1317627058.5604889
1317627058.9760079
1317627059.287328
1317627059.5983329
1317627059.909245
1317627060.2202549
1317627060.531183
1317627060.842216
1317627061.0496039
1317627061.360558
1317627061.5678289
1317627061.7750721
1317627061.9823251
1317627062.18963
1317627062.3969519
1317627062.604243
1317627062.811573
1317627063.0189061
1317627063.226198
1317627063.433486
1317627063.6407311
1317627063.8479731
1317627064.0552649
1317627064.262579
1317627064.4698939
1317627064.677182
1317627064.8843811
1317627065.0916691
1317627065.298903
1317627065.5060811
1317627065.7133009
1317627065.9204669
1317627066.127681
1317627066.334928
1317627066.542104
1317627066.7492471
1317627066.956393
1317627067.1635389
1317627067.3707571
1317627067.5779979
1317627067.7852311
1317627067.9924619
1317627068.199775
1317627068.5105319
1317627068.717865
1317627068.9251699
1317627069.132386
1317627069.443207
1317627069.6505721
1317627069.857928
1317627070.0652461
1317627070.272485
1317627070.5833609
1317627070.8942871
1317627071.205287
1317627071.516252
1317627071.8272591
1317627072.138263
1317627072.4492691
1317627072.863941
1317627073.2788661
1317627073.798125
1317627074.213599
1317627074.628572
1317627075.043385
1317627075.458005
1317627075.8724179
1317627076.2867301
1317627076.8040171
1317627077.1143081
1317627077.4246931
1317627077.7353401
1317627078.0459909
1317627078.3566761
1317627078.771183
1317627078.9784839
1317627079.1856539
1317627079.60005
1317627079.807282
1317627080.1181719
1317627080.429107
1317627080.740159
1317627081.05112
1317627081.362056
1317627081.672991
1317627081.983928
1317627082.2949221
1317627082.7095909
1317627083.0206189
1317627083.435416
1317627083.953836
1317627084.472702
1317627084.9915071
1317627085.406399
1317627085.924938
1317627086.2358961
1317627086.6501
1317627087.0641451
1317627087.478195
1317627087.8919621
1317627088.305532
1317627088.8220561
1317627089.2353129
1317627089.751864
1317627090.0619831
1317627090.475894
1317627090.7865181
1317627091.2011659
1317627091.720401
1317627092.1363709
1317627092.5522239
1317627092.8636889
1317627093.1749611
1317627093.4860389
1317627093.7970231
1317627094.2115841
1317627094.418915
1317627094.6262529
1317627094.833569
1317627095.0408871
1317627095.3518939
1317627095.6628511
1317627095.8701241
1317627096.077352
1317627096.284605
1317627096.4918439
1317627096.8027861
1317627097.0100451
1317627097.3208461
1317627097.735348
1317627098.0462799
1317627098.3572869
1317627098.668365
1317627099.0831621
1317627099.6014841
1317627100.43081
1317627101.2601659
1317627101.7788751
1317627102.297771
1317627102.6090391
1317627102.920049
1317627103.2307911
1317627103.7481749
1317627104.057888
1317627104.470789
1317627104.78091
1317627105.1949379
1317627105.5058241
1317627105.81669
1317627106.127604
1317627106.3349619
1317627106.645947
1317627106.9569049
1317627107.164222
1317627107.3715589
1317627107.6825891
1317627107.993504
1317627108.2007639
1317627108.5117331
1317627108.719064
1317627108.9264009
1317627109.1336949
1317627109.340982
1317627109.6518681
1317627109.8591831
1317627110.0665481
1317627110.27391
1317627110.5849161
1317627110.792207
1317627110.9994979
1317627111.2067599
1317627111.4140041
1317627111.6212959
1317627111.828562
1317627112.0358469
1317627112.2431901
1317627112.4505761
1317627112.657917
1317627112.865278
1317627113.0725901
1317627113.2799289
1317627113.590852
1317627114.005517
1317627114.316525
1317627114.6273639
1317627115.0416551
1317627115.4552791
1317627115.8680589
1317627116.1777949
1317627116.591222
1317627116.901581
1317627117.10868
1317627117.4199269
1317627117.9403579
1317627118.3572681
1317627118.6693799
1317627119.0849929
1317627119.3965011
1317627119.811368
1317627120.1223061
1317627120.4332881
1317627120.6405771
1317627120.847919
1317627121.0552089
1317627121.366025
1317627121.676816
1317627121.9877729
1317627122.19502
1317627122.4022889
1317627122.6096699
1317627122.9206541
1317627123.1280169
1317627123.33533
1317627123.646313
1317627123.853699
1317627124.164659
1317627124.4756179
1317627124.8901441
1317627125.2007501
1317627125.5114641
1317627125.822428
1317627126.133606
1317627126.444782
1317627126.859648
1317627127.0670569
1317627127.2743709
1317627127.481638
1317627127.6890481
1317627127.896481
1317627128.1038449
1317627128.3111131
1317627128.51828
1317627128.8290009
1317627129.036145
1317627129.243222
1317627129.4502971
1317627129.6575141
1317627129.8648269
1317627130.0720961
1317627130.2793641
1317627130.486675
1317627130.797636
1317627131.0049491
1317627131.2122159
1317627131.5231569
1317627131.730489
1317627131.937825
1317627132.145117
1317627132.352432
1317627132.5597451
1317627132.7670619
1317627132.9743741
1317627133.1816931
1317627133.388953
1317627133.59622
1317627133.8034921
1317627134.0107031
1317627134.217993
1317627134.425308
1317627134.632643
1317627134.8399341
1317627135.0472009
1317627135.2544379
1317627135.46176
1317627135.77265
1317627135.9799139
1317627136.1873009
1317627136.394685
1317627136.6020241
1317627136.8093629
1317627137.0167029
1317627137.2239709
1317627137.5347841
1317627137.8456969
1317627138.156765
1317627138.4678929
1317627138.779175
1317627139.090277
1317627139.5047259
1317627139.919004
1317627140.436867
1317627140.9547091
1317627141.5768011
1317627142.0955999
1317627142.6140971
1317627143.132457
1317627143.7541361
1317627144.47838
1317627144.9953129
1317627145.4087889
1317627145.8225291
1317627146.1329851
1317627146.4436319
1317627146.754617
1317627147.1698201
1317627147.4812109
1317627147.7925301
1317627148.103853
1317627148.415457
1317627148.726871
1317627148.9342811
1317627149.1415491
1317627149.3487871
1317627149.5559621
1317627149.7631099
1317627149.9703
1317627150.1775191
1317627150.384763
1317627150.592005
1317627150.7996769
1317627151.006536
1317627151.2137561
1317627151.420975
1317627151.628166
1317627151.8353629
1317627152.0425601
1317627152.2498
1317627152.4570401
1317627152.664284
1317627152.8715539
1317627153.0788159
1317627153.286057
1317627153.4932981
1317627153.700542
1317627153.907783
1317627154.115025
1317627154.3222449
1317627154.529439
1317627154.736634
1317627154.9438021
1317627155.150991
1317627155.358238
1317627155.5654581
1317627155.7726121
1317627155.979763
1317627156.18697
1317627156.3941391
1317627156.601331
1317627156.808624
1317627157.015913
1317627157.2231579
1317627157.4303739
1317627157.6375721
1317627157.8448219
1317627158.052052
1317627158.2592959
1317627158.466584
1317627158.673826
1317627158.8810949
1317627159.0883131
1317627159.295553
1317627159.5028
1317627159.7100389
1317627159.9172821
1317627160.124527
1317627160.3317721
1317627160.5390301
1317627160.8499441
1317627161.057137
1317627161.264286
1317627161.4714291
1317627161.678648
1317627161.8859129
1317627162.0931809
1317627162.300422
1317627162.5076661
1317627162.7149069
1317627162.9221959
1317627163.129463
1317627163.3367331
1317627163.543926
1317627163.7511401
1317627163.958338
1317627164.16553
1317627164.3727491
1317627164.5799191
1317627164.787679
1317627164.994333
1317627165.2016211
1317627165.4088631
1317627165.616179
1317627165.8235619
1317627166.0308509
1317627166.2381499
1317627166.445436
1317627166.6526999
1317627166.8599401
1317627167.170784
1317627167.377979
1317627167.585077
1317627167.792248
1317627167.999408
1317627168.206636
1317627168.413904
1317627168.6211939
1317627168.8285069
1317627169.035773
1317627169.2431099
1317627169.4504471
1317627169.6577849
1317627169.8651021
1317627170.0723679
1317627170.2797079
1317627170.4870219
1317627170.6943099
1317627170.901557
1317627171.108799
1317627171.3160181
1317627171.523246
1317627171.7305291
1317627171.937839
1317627172.1451261
1317627172.3524599
1317627172.5597999
1317627172.7671399
1317627172.974503
1317627173.18172
1317627173.3889141
1317627173.5961339
1317627173.803328
1317627174.010618
1317627174.217906
1317627174.425245
1317627174.6325369
1317627174.8398271
1317627175.0470951
1317627175.2543609
1317627175.461647
1317627175.6688709
1317627175.876061
1317627176.083256
1317627176.290401
1317627176.497597
1317627176.704865
1317627176.9121089
1317627177.1193471
1317627177.3265641
1317627177.5337369
1317627177.740905
1317627177.9480929
1317627178.1553161
1317627178.362606
1317627178.5698531
1317627178.7771161
1317627178.984381
1317627179.1918449
1317627179.398937
1317627179.7098761
1317627179.917114
1317627180.1244321
1317627180.331723
1317627180.5390351
1317627180.7462749
1317627180.953521
1317627181.1607611
1317627181.3680029
1317627181.5752461
1317627181.7825119
1317627181.9897821
1317627182.1970921
1317627182.4043851
1317627182.61167
1317627182.818939
1317627183.0262289
1317627183.233469
1317627183.4407151
1317627183.6479349
1317627183.8552001
1317627184.062444
1317627184.2697339
1317627184.4769759
1317627184.6842649
1317627184.8915341
1317627185.0988221
1317627185.3061099
1317627185.513401
1317627185.7206919
1317627186.031672
1317627186.342489
1317627186.6532819
1317627186.9639289
1317627187.2745061
1317627187.585032
1317627187.89556
1317627188.2061601
1317627188.5169301
1317627188.8278899
1317627189.1388919
1317627189.55393
1317627189.969758
1317627190.385515
1317627190.8006959
1317627191.2153261
1317627191.7333779
1317627192.251533
1317627192.976861
1317627193.804987
1317627194.5297101
1317627195.047312
1317627195.565253
1317627196.083257
1317627196.497962
1317627196.809258
1317627197.1205521
1317627197.4319639
1317627197.74318
1317627198.1578641
1317627198.4687531
1317627198.7796149
1317627199.090554
1317627199.297889
1317627199.5052171
1317627199.919832
1317627200.1271009
1317627200.3344581
1317627200.541754
1317627200.7490201
1317627200.956285
1317627201.163527
1317627201.370744
1317627201.577914
1317627201.7851329
1317627201.9923501
1317627202.199594
1317627202.5105529
1317627202.7178431
1317627202.925154
1317627203.1324461
1317627203.339716
1317627203.546958
1317627203.7541521
1317627203.961391
1317627204.1687059
1317627204.3760519
1317627204.5833831
1317627204.790745
1317627205.101661
1317627205.308948
1317627205.516191
1317627205.8271019
